initial maze:
S.......X......
............X.X
.X.....X....X..
...............
...XX...X...XXX
......X..X....X
..X...X..X.X..E
.......X...X...
X.....X.X..X...
..........XX...
......X.X....X.
XXX.X....X..X..
start (0, 0) goal (6, 14)



bfsPath: [(0, 0), (1, 0), (2, 0), (3, 0), (3, 1), (3, 2), (3, 3), (3, 4), (3, 5), (3, 6), (3, 7), (3, 8), (3, 9), (4, 9), (4, 10), (5, 10), (5, 11), (5, 12), (6, 12), (6, 13), (6, 14)]

S.......X......
o...........X.X
oX.....X....X..
oooooooooo.....
...XX...Xoo.XXX
......X..Xooo.X
..X...X..X.XooE
.......X...X...
X.....X.X..X...
..........XX...
......X.X....X.
XXX.X....X..X..



dfsPath: [(0, 0), (0, 1), (0, 2), (0, 3), (0, 4), (0, 5), (0, 6), (0, 7), (1, 7), (1, 8), (1, 9), (0, 9), (0, 10), (0, 11), (0, 12), (0, 13), (1, 13), (2, 13), (2, 14), (3, 14), (3, 13), (3, 12), (3, 11), (2, 11), (1, 11), (1, 10), (2, 10), (3, 10), (4, 10), (4, 11), (5, 11), (5, 12), (5, 13), (6, 13), (6, 14)]

SoooooooXooooo.
.......oooooXoX
.X.....X..ooXoo
..........ooooo
...XX...X.ooXXX
......X..X.oooX
..X...X..X.X.oE
.......X...X...
X.....X.X..X...
..........XX...
......X.X....X.
XXX.X....X..X..
